1.0,0.9144,0.759,0.9928,0.9923,0.809,
0.9144,1.0,0.9308,0.8756,0.9144,0.7449,
0.759,0.9308,1.0,0.6819,0.7311,0.5385,
0.9928,0.8756,0.6819,1.0,0.9928,0.8183,
0.9923,0.9144,0.7311,0.9928,1.0,0.8603,
0.809,0.7449,0.5385,0.8183,0.8603,1.0,
