1.0,0.9,0.904,0.9847,0.9545,0.6382,
0.9,1.0,0.9666,0.8704,0.9,0.5044,
0.904,0.9666,1.0,0.8359,0.8268,0.3369,
0.9847,0.8704,0.8359,1.0,0.9847,0.7625,
0.9545,0.9,0.8268,0.9847,1.0,0.8072,
0.6382,0.5044,0.3369,0.7625,0.8072,1.0,
